A = [   1.0000000e+00   0.0000000e+00
   8.2749004e-01   4.1864542e-02
   6.4103586e-01   7.9624303e-02
   5.0159363e-01   9.9122311e-02
   3.2888207e-01   1.0426494e-01
   2.0517928e-01   9.5022311e-02
   9.2331873e-02   7.0433865e-02
   4.3872000e-02   5.0790000e-02
   2.0256000e-02   3.6057000e-02
   8.4930000e-03   2.4607000e-02
   3.3038857e-03   1.6228900e-02
   1.0347499e-03   1.0676225e-02
   1.7400000e-04   6.7540000e-03
   0.0000000e+00   0.0000000e+00
   2.8260000e-03  -6.3550000e-03
   4.8520000e-03  -8.7490000e-03
   8.5680000e-03  -1.1897000e-02
   1.5507000e-02  -1.5879000e-02
   2.9744000e-02  -2.0869000e-02
   5.6128000e-02  -2.5640000e-02
   8.1736000e-02  -2.7861000e-02
   1.0666300e-01  -2.8851000e-02
   1.5663000e-01  -2.8663000e-02
   2.0570900e-01  -2.7089000e-02
   2.5444300e-01  -2.4866000e-02
   3.0224900e-01  -2.2465000e-02
   4.0040300e-01  -1.7996000e-02
   4.9882600e-01  -1.3960000e-02
   5.9798100e-01  -9.8700000e-03
   6.9758300e-01  -6.2560000e-03
   7.9772300e-01  -3.3920000e-03
   8.9856700e-01  -1.3530000e-03
   9.4914600e-01  -5.9800000e-04
   1.0000000e+00   0.0000000e+00
];
m = 0.6
A(:,2) = m*A(:,2)

