A = [          1.0000000e+00   0.0000000e+00
   9.5338645e-01   3.3067729e-02
   8.7370518e-01   7.0517928e-02
   7.8844622e-01   9.5219124e-02
   6.9469242e-01   1.0937820e-01
   5.9669926e-01   1.1645644e-01
   4.8594821e-01   1.1717450e-01
   2.9119652e-01   1.0393739e-01
   1.4143426e-01   7.7989243e-02
   4.3872000e-02   4.4390000e-02
   2.0256000e-02   3.0557000e-02
   8.4930000e-03   2.0607000e-02
   3.4320000e-03   1.4279000e-02
   1.1480000e-03   9.9450000e-03
   1.7400000e-04   6.9540000e-03
   4.8000000e-05   3.9450000e-03
   4.9460463e-03  -4.5511780e-03
   1.5938570e-02  -9.4240591e-03
   3.6920137e-02  -1.2268592e-02
   5.9746071e-02  -1.3174304e-02
   9.8406375e-02  -1.3337849e-02
   1.4082048e-01  -1.3251859e-02
   2.5007408e-01  -1.2407570e-02
   5.1922351e-01  -7.9378486e-03
   8.8167331e-01  -3.9856574e-03
   1.0000000e+00   0.0000000e+00];
m = 1.2
A(:,2) = m*A(:,2)

