% -------------------------------------------------------------------
%  Generated by MATLAB on 24-May-2020 12:40:31
%  MATLAB version: 9.8.0.1359463 (R2020a) Update 1
% -------------------------------------------------------------------
                                   

A = ...
  [1 0;
   0.932749 0.031553784800000005;
   0.82922709 0.060239044;
   0.71409562 0.077610199200000007;
   0.61469242 0.085422560000000008;
   0.40094821 0.087499600000000011;
   0.29119652 0.081229912000000015;
   0.14143426 0.062151394400000004;
   0.043872 0.035512;
   0.020256 0.0244456;
   0.008493 0.0164856;
   0.003432 0.011423200000000001;
   0.001148 0.0079560000000000013;
   0.000174 0.0055632000000000008;
   4.8E-5 0.003156;
   0.0056783155 -0.00467430688;
   0.011831743 -0.0076438751200000009;
   0.021213295 -0.010188710400000002;
   0.059105348 -0.015515879199999999;
   0.17282048 -0.0206014872;
   0.45607408 -0.021126056;
   0.66722351 -0.0143502792;
   0.88167331 -0.0031885259200000004;
   1 0];

